{
 "cells": [
  {
   "cell_type": "code",
   "execution_count": null,
   "metadata": {
    "application/vnd.databricks.v1+cell": {
     "cellMetadata": {
      "byteLimit": 2048000,
      "implicitDf": true,
      "rowLimit": 10000
     },
     "inputWidgets": {},
     "nuid": "f3a43d84-6c98-4763-b058-dbbda33ab707",
     "showTitle": false,
     "title": ""
    }
   },
   "outputs": [
    {
     "data": {
      "text/html": [
       "<style scoped>\n",
       "  .table-result-container {\n",
       "    max-height: 300px;\n",
       "    overflow: auto;\n",
       "  }\n",
       "  table, th, td {\n",
       "    border: 1px solid black;\n",
       "    border-collapse: collapse;\n",
       "  }\n",
       "  th, td {\n",
       "    padding: 5px;\n",
       "  }\n",
       "  th {\n",
       "    text-align: left;\n",
       "  }\n",
       "</style><div class='table-result-container'><table class='table-result'><thead style='background-color: white'><tr><th>ind</th><th>user_name</th><th>age</th><th>date_joined</th></tr></thead><tbody><tr><td>8731</td><td>Andrea Alexander</td><td>21</td><td>2015-11-10T09:27:42.000+0000</td></tr><tr><td>4315</td><td>Michelle Prince</td><td>36</td><td>2015-12-20T16:38:13.000+0000</td></tr><tr><td>10625</td><td>Christian Lang</td><td>32</td><td>2017-10-10T20:09:33.000+0000</td></tr><tr><td>1313</td><td>Brittany Jones</td><td>32</td><td>2016-04-02T03:51:23.000+0000</td></tr><tr><td>10794</td><td>Thomas Turner</td><td>34</td><td>2016-12-22T00:02:02.000+0000</td></tr><tr><td>2959</td><td>David Griffith</td><td>20</td><td>2016-01-07T19:49:22.000+0000</td></tr><tr><td>9875</td><td>Brendan Joseph</td><td>26</td><td>2015-12-20T10:28:00.000+0000</td></tr><tr><td>2863</td><td>Dylan Holmes</td><td>32</td><td>2016-10-23T14:06:51.000+0000</td></tr><tr><td>5730</td><td>Rachel Davis</td><td>36</td><td>2015-12-08T20:02:43.000+0000</td></tr><tr><td>2923</td><td>Brian Nelson</td><td>26</td><td>2015-11-11T03:20:57.000+0000</td></tr><tr><td>2418</td><td>Amanda Adams</td><td>20</td><td>2015-10-21T08:27:36.000+0000</td></tr><tr><td>3156</td><td>Andrew Baker</td><td>22</td><td>2015-12-21T08:06:54.000+0000</td></tr><tr><td>428</td><td>Claudia Adams</td><td>20</td><td>2015-11-28T02:20:29.000+0000</td></tr><tr><td>7343</td><td>Anne Clayton</td><td>24</td><td>2016-01-11T12:03:48.000+0000</td></tr><tr><td>2074</td><td>Annette Forbes</td><td>21</td><td>2016-01-03T15:42:12.000+0000</td></tr><tr><td>8304</td><td>Charles Berry</td><td>25</td><td>2015-12-28T04:21:39.000+0000</td></tr><tr><td>6063</td><td>Corey Andrews</td><td>23</td><td>2015-11-25T13:36:22.000+0000</td></tr><tr><td>3454</td><td>Robert Murphy</td><td>48</td><td>2017-09-26T16:31:56.000+0000</td></tr><tr><td>7554</td><td>Cheryl Huerta</td><td>20</td><td>2017-04-11T16:35:33.000+0000</td></tr><tr><td>6145</td><td>Emily Hawkins</td><td>30</td><td>2015-12-25T20:24:37.000+0000</td></tr><tr><td>9979</td><td>Kaylee Miller</td><td>31</td><td>2016-11-09T19:50:51.000+0000</td></tr><tr><td>7528</td><td>Abigail Ali</td><td>20</td><td>2015-10-24T11:23:51.000+0000</td></tr><tr><td>7528</td><td>Abigail Ali</td><td>20</td><td>2015-10-24T11:23:51.000+0000</td></tr><tr><td>5069</td><td>Amanda Ball</td><td>25</td><td>2016-01-13T17:36:30.000+0000</td></tr><tr><td>3089</td><td>Abigail Ali</td><td>20</td><td>2015-10-24T11:23:51.000+0000</td></tr><tr><td>5494</td><td>Anne Allen</td><td>27</td><td>2015-12-16T15:20:05.000+0000</td></tr></tbody></table></div>"
      ]
     },
     "metadata": {
      "application/vnd.databricks.v1+output": {
       "addedWidgets": {},
       "aggData": [],
       "aggError": "",
       "aggOverflow": false,
       "aggSchema": [],
       "aggSeriesLimitReached": false,
       "aggType": "",
       "arguments": {},
       "columnCustomDisplayInfos": {},
       "data": [
        [
         8731,
         "Andrea Alexander",
         21,
         "2015-11-10T09:27:42.000+0000"
        ],
        [
         4315,
         "Michelle Prince",
         36,
         "2015-12-20T16:38:13.000+0000"
        ],
        [
         10625,
         "Christian Lang",
         32,
         "2017-10-10T20:09:33.000+0000"
        ],
        [
         1313,
         "Brittany Jones",
         32,
         "2016-04-02T03:51:23.000+0000"
        ],
        [
         10794,
         "Thomas Turner",
         34,
         "2016-12-22T00:02:02.000+0000"
        ],
        [
         2959,
         "David Griffith",
         20,
         "2016-01-07T19:49:22.000+0000"
        ],
        [
         9875,
         "Brendan Joseph",
         26,
         "2015-12-20T10:28:00.000+0000"
        ],
        [
         2863,
         "Dylan Holmes",
         32,
         "2016-10-23T14:06:51.000+0000"
        ],
        [
         5730,
         "Rachel Davis",
         36,
         "2015-12-08T20:02:43.000+0000"
        ],
        [
         2923,
         "Brian Nelson",
         26,
         "2015-11-11T03:20:57.000+0000"
        ],
        [
         2418,
         "Amanda Adams",
         20,
         "2015-10-21T08:27:36.000+0000"
        ],
        [
         3156,
         "Andrew Baker",
         22,
         "2015-12-21T08:06:54.000+0000"
        ],
        [
         428,
         "Claudia Adams",
         20,
         "2015-11-28T02:20:29.000+0000"
        ],
        [
         7343,
         "Anne Clayton",
         24,
         "2016-01-11T12:03:48.000+0000"
        ],
        [
         2074,
         "Annette Forbes",
         21,
         "2016-01-03T15:42:12.000+0000"
        ],
        [
         8304,
         "Charles Berry",
         25,
         "2015-12-28T04:21:39.000+0000"
        ],
        [
         6063,
         "Corey Andrews",
         23,
         "2015-11-25T13:36:22.000+0000"
        ],
        [
         3454,
         "Robert Murphy",
         48,
         "2017-09-26T16:31:56.000+0000"
        ],
        [
         7554,
         "Cheryl Huerta",
         20,
         "2017-04-11T16:35:33.000+0000"
        ],
        [
         6145,
         "Emily Hawkins",
         30,
         "2015-12-25T20:24:37.000+0000"
        ],
        [
         9979,
         "Kaylee Miller",
         31,
         "2016-11-09T19:50:51.000+0000"
        ],
        [
         7528,
         "Abigail Ali",
         20,
         "2015-10-24T11:23:51.000+0000"
        ],
        [
         7528,
         "Abigail Ali",
         20,
         "2015-10-24T11:23:51.000+0000"
        ],
        [
         5069,
         "Amanda Ball",
         25,
         "2016-01-13T17:36:30.000+0000"
        ],
        [
         3089,
         "Abigail Ali",
         20,
         "2015-10-24T11:23:51.000+0000"
        ],
        [
         5494,
         "Anne Allen",
         27,
         "2015-12-16T15:20:05.000+0000"
        ]
       ],
       "datasetInfos": [],
       "dbfsResultPath": null,
       "isJsonSchema": true,
       "metadata": {},
       "overflow": false,
       "plotOptions": {
        "customPlotOptions": {},
        "displayType": "table",
        "pivotAggregation": null,
        "pivotColumns": null,
        "xColumns": null,
        "yColumns": null
       },
       "removedWidgets": [],
       "schema": [
        {
         "metadata": "{}",
         "name": "ind",
         "type": "\"long\""
        },
        {
         "metadata": "{}",
         "name": "user_name",
         "type": "\"string\""
        },
        {
         "metadata": "{}",
         "name": "age",
         "type": "\"long\""
        },
        {
         "metadata": "{}",
         "name": "date_joined",
         "type": "\"timestamp\""
        }
       ],
       "type": "table"
      }
     },
     "output_type": "display_data"
    }
   ],
   "source": [
    "%sql\n",
    "SELECT * FROM df_user;"
   ]
  },
  {
   "cell_type": "code",
   "execution_count": null,
   "metadata": {
    "application/vnd.databricks.v1+cell": {
     "cellMetadata": {
      "byteLimit": 2048000,
      "rowLimit": 10000
     },
     "inputWidgets": {},
     "nuid": "6103cd6f-15cb-4ee2-9171-85f53a94f585",
     "showTitle": false,
     "title": ""
    }
   },
   "outputs": [
    {
     "data": {
      "text/html": [
       "<style scoped>\n",
       "  .ansiout {\n",
       "    display: block;\n",
       "    unicode-bidi: embed;\n",
       "    white-space: pre-wrap;\n",
       "    word-wrap: break-word;\n",
       "    word-break: break-all;\n",
       "    font-family: \"Menlo\", \"Monaco\", \"Consolas\", \"Ubuntu Mono\", \"Source Code Pro\", monospace;\n",
       "    font-size: 13px;\n",
       "    color: #555;\n",
       "    margin-left: 4px;\n",
       "    line-height: 19px;\n",
       "  }\n",
       "</style>\n",
       "<div class=\"ansiout\">root\n",
       "-- ind: long (nullable = true)\n",
       "-- user_name: string (nullable = true)\n",
       "-- age: long (nullable = true)\n",
       "-- date_joined: timestamp (nullable = true)\n",
       "\n",
       "</div>"
      ]
     },
     "metadata": {
      "application/vnd.databricks.v1+output": {
       "addedWidgets": {},
       "arguments": {},
       "data": "<div class=\"ansiout\">root\n |-- ind: long (nullable = true)\n |-- user_name: string (nullable = true)\n |-- age: long (nullable = true)\n |-- date_joined: timestamp (nullable = true)\n\n</div>",
       "datasetInfos": [],
       "metadata": {},
       "removedWidgets": [],
       "type": "html"
      }
     },
     "output_type": "display_data"
    },
    {
     "data": {
      "text/html": [
       "<style scoped>\n",
       "  .table-result-container {\n",
       "    max-height: 300px;\n",
       "    overflow: auto;\n",
       "  }\n",
       "  table, th, td {\n",
       "    border: 1px solid black;\n",
       "    border-collapse: collapse;\n",
       "  }\n",
       "  th, td {\n",
       "    padding: 5px;\n",
       "  }\n",
       "  th {\n",
       "    text-align: left;\n",
       "  }\n",
       "</style><div class='table-result-container'><table class='table-result'><thead style='background-color: white'><tr><th>ind</th><th>user_name</th><th>age</th><th>date_joined</th></tr></thead><tbody><tr><td>8731</td><td>Andrea Alexander</td><td>21</td><td>2015-11-10T09:27:42.000+0000</td></tr><tr><td>4315</td><td>Michelle Prince</td><td>36</td><td>2015-12-20T16:38:13.000+0000</td></tr><tr><td>10625</td><td>Christian Lang</td><td>32</td><td>2017-10-10T20:09:33.000+0000</td></tr><tr><td>1313</td><td>Brittany Jones</td><td>32</td><td>2016-04-02T03:51:23.000+0000</td></tr><tr><td>10794</td><td>Thomas Turner</td><td>34</td><td>2016-12-22T00:02:02.000+0000</td></tr><tr><td>2959</td><td>David Griffith</td><td>20</td><td>2016-01-07T19:49:22.000+0000</td></tr><tr><td>9875</td><td>Brendan Joseph</td><td>26</td><td>2015-12-20T10:28:00.000+0000</td></tr><tr><td>2074</td><td>Annette Forbes</td><td>21</td><td>2016-01-03T15:42:12.000+0000</td></tr><tr><td>8304</td><td>Charles Berry</td><td>25</td><td>2015-12-28T04:21:39.000+0000</td></tr><tr><td>6063</td><td>Corey Andrews</td><td>23</td><td>2015-11-25T13:36:22.000+0000</td></tr><tr><td>3454</td><td>Robert Murphy</td><td>48</td><td>2017-09-26T16:31:56.000+0000</td></tr><tr><td>7554</td><td>Cheryl Huerta</td><td>20</td><td>2017-04-11T16:35:33.000+0000</td></tr><tr><td>6145</td><td>Emily Hawkins</td><td>30</td><td>2015-12-25T20:24:37.000+0000</td></tr><tr><td>9979</td><td>Kaylee Miller</td><td>31</td><td>2016-11-09T19:50:51.000+0000</td></tr><tr><td>2863</td><td>Dylan Holmes</td><td>32</td><td>2016-10-23T14:06:51.000+0000</td></tr><tr><td>5730</td><td>Rachel Davis</td><td>36</td><td>2015-12-08T20:02:43.000+0000</td></tr><tr><td>2923</td><td>Brian Nelson</td><td>26</td><td>2015-11-11T03:20:57.000+0000</td></tr><tr><td>2418</td><td>Amanda Adams</td><td>20</td><td>2015-10-21T08:27:36.000+0000</td></tr><tr><td>3156</td><td>Andrew Baker</td><td>22</td><td>2015-12-21T08:06:54.000+0000</td></tr><tr><td>428</td><td>Claudia Adams</td><td>20</td><td>2015-11-28T02:20:29.000+0000</td></tr><tr><td>7343</td><td>Anne Clayton</td><td>24</td><td>2016-01-11T12:03:48.000+0000</td></tr><tr><td>7528</td><td>Abigail Ali</td><td>20</td><td>2015-10-24T11:23:51.000+0000</td></tr><tr><td>7528</td><td>Abigail Ali</td><td>20</td><td>2015-10-24T11:23:51.000+0000</td></tr><tr><td>5069</td><td>Amanda Ball</td><td>25</td><td>2016-01-13T17:36:30.000+0000</td></tr><tr><td>3089</td><td>Abigail Ali</td><td>20</td><td>2015-10-24T11:23:51.000+0000</td></tr><tr><td>5494</td><td>Anne Allen</td><td>27</td><td>2015-12-16T15:20:05.000+0000</td></tr></tbody></table></div>"
      ]
     },
     "metadata": {
      "application/vnd.databricks.v1+output": {
       "addedWidgets": {},
       "aggData": [],
       "aggError": "",
       "aggOverflow": false,
       "aggSchema": [],
       "aggSeriesLimitReached": false,
       "aggType": "",
       "arguments": {},
       "columnCustomDisplayInfos": {},
       "data": [
        [
         8731,
         "Andrea Alexander",
         21,
         "2015-11-10T09:27:42.000+0000"
        ],
        [
         4315,
         "Michelle Prince",
         36,
         "2015-12-20T16:38:13.000+0000"
        ],
        [
         10625,
         "Christian Lang",
         32,
         "2017-10-10T20:09:33.000+0000"
        ],
        [
         1313,
         "Brittany Jones",
         32,
         "2016-04-02T03:51:23.000+0000"
        ],
        [
         10794,
         "Thomas Turner",
         34,
         "2016-12-22T00:02:02.000+0000"
        ],
        [
         2959,
         "David Griffith",
         20,
         "2016-01-07T19:49:22.000+0000"
        ],
        [
         9875,
         "Brendan Joseph",
         26,
         "2015-12-20T10:28:00.000+0000"
        ],
        [
         2074,
         "Annette Forbes",
         21,
         "2016-01-03T15:42:12.000+0000"
        ],
        [
         8304,
         "Charles Berry",
         25,
         "2015-12-28T04:21:39.000+0000"
        ],
        [
         6063,
         "Corey Andrews",
         23,
         "2015-11-25T13:36:22.000+0000"
        ],
        [
         3454,
         "Robert Murphy",
         48,
         "2017-09-26T16:31:56.000+0000"
        ],
        [
         7554,
         "Cheryl Huerta",
         20,
         "2017-04-11T16:35:33.000+0000"
        ],
        [
         6145,
         "Emily Hawkins",
         30,
         "2015-12-25T20:24:37.000+0000"
        ],
        [
         9979,
         "Kaylee Miller",
         31,
         "2016-11-09T19:50:51.000+0000"
        ],
        [
         2863,
         "Dylan Holmes",
         32,
         "2016-10-23T14:06:51.000+0000"
        ],
        [
         5730,
         "Rachel Davis",
         36,
         "2015-12-08T20:02:43.000+0000"
        ],
        [
         2923,
         "Brian Nelson",
         26,
         "2015-11-11T03:20:57.000+0000"
        ],
        [
         2418,
         "Amanda Adams",
         20,
         "2015-10-21T08:27:36.000+0000"
        ],
        [
         3156,
         "Andrew Baker",
         22,
         "2015-12-21T08:06:54.000+0000"
        ],
        [
         428,
         "Claudia Adams",
         20,
         "2015-11-28T02:20:29.000+0000"
        ],
        [
         7343,
         "Anne Clayton",
         24,
         "2016-01-11T12:03:48.000+0000"
        ],
        [
         7528,
         "Abigail Ali",
         20,
         "2015-10-24T11:23:51.000+0000"
        ],
        [
         7528,
         "Abigail Ali",
         20,
         "2015-10-24T11:23:51.000+0000"
        ],
        [
         5069,
         "Amanda Ball",
         25,
         "2016-01-13T17:36:30.000+0000"
        ],
        [
         3089,
         "Abigail Ali",
         20,
         "2015-10-24T11:23:51.000+0000"
        ],
        [
         5494,
         "Anne Allen",
         27,
         "2015-12-16T15:20:05.000+0000"
        ]
       ],
       "datasetInfos": [],
       "dbfsResultPath": null,
       "isJsonSchema": true,
       "metadata": {},
       "overflow": false,
       "plotOptions": {
        "customPlotOptions": {},
        "displayType": "table",
        "pivotAggregation": null,
        "pivotColumns": null,
        "xColumns": null,
        "yColumns": null
       },
       "removedWidgets": [],
       "schema": [
        {
         "metadata": "{}",
         "name": "ind",
         "type": "\"long\""
        },
        {
         "metadata": "{}",
         "name": "user_name",
         "type": "\"string\""
        },
        {
         "metadata": "{}",
         "name": "age",
         "type": "\"long\""
        },
        {
         "metadata": "{}",
         "name": "date_joined",
         "type": "\"timestamp\""
        }
       ],
       "type": "table"
      }
     },
     "output_type": "display_data"
    },
    {
     "data": {
      "text/html": [
       "<style scoped>\n",
       "  .ansiout {\n",
       "    display: block;\n",
       "    unicode-bidi: embed;\n",
       "    white-space: pre-wrap;\n",
       "    word-wrap: break-word;\n",
       "    word-break: break-all;\n",
       "    font-family: \"Menlo\", \"Monaco\", \"Consolas\", \"Ubuntu Mono\", \"Source Code Pro\", monospace;\n",
       "    font-size: 13px;\n",
       "    color: #555;\n",
       "    margin-left: 4px;\n",
       "    line-height: 19px;\n",
       "  }\n",
       "</style>\n",
       "<div class=\"ansiout\">Out[1]: DataFrame[num_affected_rows: bigint, num_inserted_rows: bigint]</div>"
      ]
     },
     "metadata": {
      "application/vnd.databricks.v1+output": {
       "addedWidgets": {},
       "arguments": {},
       "data": "<div class=\"ansiout\">Out[1]: DataFrame[num_affected_rows: bigint, num_inserted_rows: bigint]</div>",
       "datasetInfos": [],
       "metadata": {},
       "removedWidgets": [],
       "type": "html"
      }
     },
     "output_type": "display_data"
    }
   ],
   "source": [
    "from pyspark.sql.functions import udf, col, array, to_timestamp, concat, lit\n",
    "from pyspark.sql.types import IntegerType, StringType, FloatType\n",
    "from pyspark.sql import SparkSession\n",
    "\n",
    "# File location and type\n",
    "file_location = \"/mnt/0a2f66c3e41f.df_user/topics/0a2f66c3e41f.user/partition=0/*.json\"\n",
    "file_type = \"json\"\n",
    "\n",
    "# # Ask Spark to infer the schema\n",
    "infer_schema = \"true\"\n",
    "\n",
    "# Read in JSONs from mounted S3 bucket\n",
    "df = spark.read.format(file_type).option(\"inferSchema\", infer_schema).load(file_location)\n",
    "\n",
    "# Create a new column user_name that concatenates the information found in the first_name and last_name columns\n",
    "# # # # # # # # # # # # # # # # # # # # # # # # # # # # # # # # # # # # # \n",
    "df_with_fullname = df.withColumn(\"user_name\", concat(col(\"first_name\"),lit(\" \"), col(\"last_name\")))\n",
    "\n",
    "# Drop the first_name and last_name columns from the DataFrame\n",
    "# # # # # # # # # # # # # # # # # # # # # # # # # # # # # # # # # # # # # \n",
    "columns_to_drop = [\"first_name\", \"last_name\"]\n",
    "df_with_fullname= df_with_fullname.drop(*columns_to_drop)\n",
    "\n",
    "# Convert the date_joined column from a string to a timestamp data type\n",
    "cleaned_df = df_with_fullname.withColumn(\"date_joined\", col(\"date_joined\").cast(\"timestamp\"))\n",
    "\n",
    "# Reorder the DataFrame columns\n",
    "# # # # # # # # # # # # # # # # # # # # # # # # # # # # # # # # # # # # # \n",
    "cleaned_df = cleaned_df.withColumnRenamed('index', 'ind')\n",
    "new_order = [\"ind\", \"user_name\", \"age\", \"date_joined\"]\n",
    "df_reordered = cleaned_df.select(*new_order)\n",
    "\n",
    "df_reordered.printSchema()\n",
    "display(df_reordered)\n",
    "\n",
    "\n",
    "# Write dataframe to a temporary view\n",
    "df_reordered.createOrReplaceTempView(\"0a2f66c3e41f_df_user\")\n",
    "\n",
    "# Create table from temporary view\n",
    "spark.sql(\"CREATE TABLE 0a2f66c3e41f_df_user AS SELECT * FROM 0a2f66c3e41f_df_user\")\n"
   ]
  }
 ],
 "metadata": {
  "application/vnd.databricks.v1+notebook": {
   "dashboards": [],
   "language": "python",
   "notebookMetadata": {
    "mostRecentlyExecutedCommandWithImplicitDF": {
     "commandId": 4155037068219103,
     "dataframes": [
      "_sqldf"
     ]
    },
    "pythonIndentUnit": 4
   },
   "notebookName": "0a2f66c3e41f_df_user",
   "widgets": {}
  },
  "language_info": {
   "name": "python"
  }
 },
 "nbformat": 4,
 "nbformat_minor": 0
}
